160463
160981
160985
160991
161575
161114
161587
164907
165103
165114
169593
169600
169631
171760
171767
171771
176075
177110
177442
177444
177448
179607
179615
182001
183007
179644
179673
179679
185684
186691
187761
188622
188857
188882
190979
191621
191642
191647
193093
193221
193555
194035
194068
196790
197254
198614
199674
200786
201823
202786
204845
205912
206409
207456
208572
209343
210170
211239
212049
212802
214014
215132
216278
217395
218375
219290
219964
221269
221852
222762
223947
224549
225904
226710
227452
229157
229996
230708
232061
232427
232687
233742
234758
235334
236935
237810
238418
239239
240147
240971
242314
243175
243961
245022
245788
246379
247776
248714
249369
250942
352065
352035
352577
353297
353808
355028
355081
355662
357197
357342
357885
359907
359924
360837
362710
362734
363445
365238
365252
366265
367807
367832
369519
369604
369687
372234
373070
373089
374729
374764
374776
375383
427973
427998
374805
377002
160463
160981
160985
160991
161575
161114
161587
164907
165103
165114
169593
169600
169631
171760
171767
171771
176075
177110
177442
177444
177448
179607
179615
182001
183007
179644
179673
179679
185684
186691
187761
188622
188857
188882
190979
191621
191642
191647
193093
193221
193555
194035
194068
196790
197254
198614
199674
200786
201823
202786
204845
205912
206409
207456
208572
209343
210170
211239
212049
212802
214014
215132
216278
217395
218375
219290
219964
221269
221852
222762
223947
224549
225904
226710
227452
229157
229996
230708
232061
232427
232687
233742
234758
235334
236935
237810
238418
239239
240147
240971
242314
243175
243961
245022
245788
246379
247776
248714
249369
250942
352065
352035
352577
353297
353808
355028
355081
355662
357197
357342
357885
359907
359924
360837
362710
362734
363445
365238
365252
366265
367807
367832
369519
369604
369687
372234
373070
373089
374729
374764
374776
375383
427973
427998
374805
377002
245022
233742
187761
239239
219964
221852
250942
214014
160991
191621
232427
193221
372234
215132
237810
218375
355028
171771
171767
205912
230708
360837
367807
207456
183007
208572
369519
171760
188882
179673
188857
359924
179679
374729
193555
201823
247776
177448
194068
186691
191642
352035
369604
226710
355662
232687
160981
196790
357197
427998
179644
169631
362734
363445
222762
206409
236935
365252
224549
179615
202786
353297
177444
193093
227452
232061
176075
200786
217395
238418
182001
225904
355081
191647
160985
374764
212802
246379
177442
374776
190979
377002
161114
219290
221269
240147
427973
198614
179607
365238
194035
197254
161575
204845
245788
185684
161587
169593
362710
369687
243175
229157
373089
249369
223947
352065
353808
240971
211239
212049
352577
242314
357342
169600
357885
165114
165103
235334
210170
374805
366265
373070
375383
359907
216278
367832
164907
234758
229996
248714
243961
199674
188622
177110
160463
209343
418468
418480
420448
421579
422468
422636
423595
423598
423600
423602
425351
425863
426865
428116
429127
429844
432093
433997
435354
439763
441944
444362
446551
447669
455361
460654
462384
464267
465972
467948
469199
471042
431297
435350
440450
445909
450240
461503
464909
467194
469949
473146
427403
474158
474850
475055
477259
478170
471905
472597
475686
476607
245022
233742
187761
239239
219964
221852
250942
214014
160991
191621
232427
193221
372234
215132
237810
218375
355028
171771
171767
205912
230708
360837
367807
207456
183007
208572
369519
171760
188882
179673
188857
359924
179679
374729
193555
201823
247776
177448
194068
186691
191642
352035
369604
226710
355662
232687
160981
196790
357197
427998
179644
169631
362734
363445
222762
206409
236935
365252
224549
179615
202786
353297
177444
193093
227452
232061
176075
200786
217395
238418
182001
225904
355081
191647
160985
374764
212802
246379
177442
374776
190979
377002
161114
219290
221269
240147
427973
198614
179607
365238
194035
197254
161575
204845
245788
185684
161587
169593
362710
369687
243175
229157
373089
249369
223947
352065
353808
240971
211239
212049
352577
242314
357342
169600
357885
165114
165103
235334
210170
374805
366265
373070
375383
359907
216278
367832
164907
234758
229996
248714
243961
199674
188622
177110
160463
209343
418468
418480
420448
421579
422468
422636
423595
423598
423600
423602
425351
425863
426865
428116
429127
429844
432093
433997
435354
439763
441944
444362
446551
447669
455361
460654
462384
464267
465972
467948
469199
471042
431297
435350
440450
445909
450240
461503
464909
467194
469949
473146
427403
474158
474850
475055
477259
478170
471905
472597
475686
476607
